<?xml version="1.0" encoding="UTF-8" standalone="no"?>
<!DOCTYPE svg PUBLIC "-//W3C//DTD SVG 20010904//EN"
              "http://www.w3.org/TR/2001/REC-SVG-20010904/DTD/svg10.dtd">

<svg xmlns="http://www.w3.org/2000/svg"
     width="1.01523in" height="1.01523in"
     viewBox="0 0 2000 2000">
  <path id="Dentina 2 Canal 2"
        fill="none" stroke="black" stroke-width="1"
        d="M 623.50,788.25
           C 623.00,788.50 616.75,793.25 616.50,793.25
             616.25,793.25 611.50,796.75 611.25,796.75
             611.00,796.75 608.00,803.75 608.00,804.25
             608.00,804.75 608.25,812.50 608.25,812.50
             608.25,812.50 609.00,818.50 609.00,819.25
             609.00,820.00 607.00,825.00 607.00,825.75
             607.00,826.50 608.75,832.50 608.75,833.00
             608.75,833.50 609.25,837.50 610.00,837.75
             610.75,838.00 616.75,840.75 617.50,841.00
             618.25,841.25 628.25,844.25 628.50,844.50
             628.75,844.75 635.50,844.75 635.50,844.75
             635.50,844.75 643.00,839.75 643.00,839.75
             643.00,839.75 649.50,836.00 649.50,836.00
             649.50,836.00 652.25,831.75 652.25,831.75
             652.25,831.75 657.25,828.50 657.50,828.50
             657.75,828.50 660.75,829.50 661.25,829.50
             661.75,829.50 663.50,826.25 663.50,826.25
             663.50,826.25 662.75,823.50 662.75,823.50
             662.75,823.50 662.00,816.25 662.00,816.25
             662.00,816.25 662.00,807.00 662.00,807.00
             662.00,807.00 664.00,799.25 664.00,799.25
             664.00,799.25 663.50,795.25 663.00,795.25
             662.50,795.25 660.00,793.75 660.00,793.75
             660.00,793.75 659.00,790.00 659.00,790.00
             659.00,790.00 659.75,786.50 659.75,786.50
             659.75,786.50 655.50,783.00 655.50,783.00
             655.50,783.00 652.75,777.25 652.75,777.25
             652.75,777.25 644.50,775.25 644.50,775.25
             644.50,775.25 638.00,775.25 638.00,775.25
             638.00,775.25 633.25,777.00 633.00,777.00
             632.75,777.00 630.00,780.50 630.00,781.25
             630.00,782.00 627.75,786.25 627.50,786.25" />
</svg>
