<?xml version="1.0" encoding="UTF-8" standalone="no"?>
<!DOCTYPE svg PUBLIC "-//W3C//DTD SVG 20010904//EN"
              "http://www.w3.org/TR/2001/REC-SVG-20010904/DTD/svg10.dtd">

<svg xmlns="http://www.w3.org/2000/svg"
     width="1.01523in" height="1.01523in"
     viewBox="0 0 2000 2000">
  <path id="Deintina 1 Canal 2"
        fill="none" stroke="black" stroke-width="1"
        d="M 979.00,1432.33
           C 978.67,1432.67 969.00,1433.67 969.00,1434.00
             969.00,1434.33 958.33,1434.67 958.33,1434.67
             958.33,1434.67 961.00,1438.67 961.00,1438.67
             961.00,1438.67 959.67,1438.33 958.33,1439.67
             957.00,1441.00 954.00,1441.33 953.33,1442.33
             952.67,1443.33 952.67,1443.00 950.67,1444.67
             948.67,1446.33 947.67,1446.33 946.67,1448.00
             945.67,1449.67 945.00,1450.00 944.67,1451.67
             952.33,1460.00 950.67,1463.00 950.67,1463.00
             950.67,1463.00 944.67,1463.33 944.67,1463.33
             944.67,1463.33 941.64,1465.09 941.27,1465.27
             940.91,1465.45 938.73,1468.91 938.73,1468.91
             938.73,1468.91 940.73,1470.73 940.91,1471.09
             941.09,1471.45 940.36,1475.09 940.36,1475.09
             940.36,1475.09 936.18,1475.27 936.18,1475.27
             936.18,1475.27 936.00,1477.27 936.18,1478.36
             936.36,1479.45 937.64,1481.45 938.18,1482.73
             938.73,1484.00 938.00,1487.82 938.00,1488.36
             938.91,1490.18 940.36,1490.55 941.82,1491.45
             943.27,1492.36 944.18,1494.55 944.36,1495.27
             944.55,1496.00 947.09,1497.45 947.64,1497.82
             948.18,1498.18 950.91,1498.00 951.27,1499.27
             951.64,1500.55 952.55,1502.36 951.45,1503.09
             950.36,1503.82 948.00,1504.00 946.36,1503.45
             944.73,1502.91 944.18,1504.36 944.36,1504.73
             944.55,1505.09 945.09,1506.18 945.09,1508.55
             945.09,1510.91 944.36,1511.82 944.36,1513.09
             944.36,1514.36 944.18,1515.09 944.55,1516.00
             944.91,1516.91 945.45,1517.64 946.55,1518.36
             947.64,1519.09 948.91,1519.27 949.64,1520.36
             950.36,1521.45 950.55,1523.09 950.00,1524.55
             949.45,1526.00 949.82,1526.73 949.45,1528.18
             949.09,1529.64 949.09,1531.09 949.09,1531.64
             949.09,1532.18 949.45,1532.55 950.36,1533.45
             951.27,1534.36 951.27,1534.73 951.64,1535.64
             952.00,1536.55 955.27,1538.18 955.27,1538.55
             955.27,1538.91 955.45,1542.00 955.45,1542.73
             955.45,1543.45 955.27,1544.36 955.82,1544.91
             956.36,1545.45 956.73,1546.36 957.27,1547.09
             957.82,1547.82 958.18,1548.36 958.55,1549.45
             958.91,1550.55 959.82,1554.36 960.36,1554.55
             960.91,1554.73 962.73,1557.09 962.91,1558.18
             963.09,1559.27 964.91,1560.91 965.45,1561.82
             966.00,1562.73 971.64,1567.09 971.64,1567.09
             971.64,1567.09 973.64,1568.00 975.09,1568.73
             976.55,1569.45 979.27,1570.00 980.36,1570.91
             981.45,1571.82 985.64,1572.91 987.09,1573.45
             988.55,1574.00 990.91,1574.00 990.91,1573.82
             990.91,1573.64 991.09,1568.73 991.27,1568.73
             991.45,1568.73 992.73,1565.45 993.45,1565.09
             994.18,1564.73 997.64,1561.09 997.64,1561.09
             997.64,1561.09 1002.18,1561.45 1002.00,1561.64
             1001.82,1561.82 1002.73,1566.91 1002.73,1567.09
             1002.73,1567.27 1002.18,1571.09 1002.18,1571.27
             1002.18,1571.45 1007.09,1570.73 1007.27,1570.73
             1007.45,1570.73 1010.00,1570.00 1010.00,1569.82
             1010.00,1569.64 1012.55,1564.55 1012.55,1564.55
             1012.55,1564.55 1014.73,1560.73 1014.73,1560.73
             1014.73,1560.73 1016.91,1558.91 1017.27,1557.45
             1017.64,1556.00 1020.18,1549.82 1020.18,1549.27
             1020.18,1548.73 1021.09,1543.64 1021.09,1542.91
             1021.09,1542.18 1021.27,1537.27 1020.91,1537.27
             1020.55,1537.27 1018.36,1530.73 1018.36,1530.73
             1018.36,1530.73 1012.18,1527.09 1011.45,1526.73
             1010.73,1526.36 1004.00,1522.00 1003.64,1521.82
             1003.27,1521.64 998.36,1518.91 998.36,1518.91
             998.36,1518.91 996.55,1516.18 996.55,1515.64
             996.55,1515.09 996.00,1510.00 996.00,1510.00
             996.00,1510.00 997.09,1503.27 997.09,1503.09
             997.09,1502.91 999.27,1497.09 999.27,1496.91
             999.27,1496.73 1000.36,1495.45 1000.55,1495.45
             1000.73,1495.45 1003.64,1492.36 1003.82,1492.00
             1004.00,1491.64 1009.82,1486.36 1009.82,1486.36
             1009.82,1486.36 1015.64,1482.00 1016.00,1481.82
             1016.36,1481.64 1021.82,1478.18 1022.91,1477.64
             1024.00,1477.09 1028.36,1474.18 1029.09,1473.64
             1029.82,1473.09 1033.64,1467.64 1033.64,1467.64
             1033.64,1467.64 1035.45,1464.91 1035.09,1464.73
             1034.73,1464.55 1033.64,1455.09 1033.45,1454.73
             1033.27,1454.36 1031.27,1448.91 1031.27,1448.36
             1031.27,1447.82 1032.55,1443.09 1032.55,1443.09
             1032.55,1443.09 1029.45,1440.91 1028.55,1440.91
             1027.64,1440.91 1023.09,1438.73 1022.91,1438.73
             1022.73,1438.73 1022.18,1434.91 1022.18,1434.18
             1022.18,1433.45 1023.09,1429.45 1023.09,1429.27
             1023.09,1429.09 1018.73,1426.00 1018.73,1426.00
             1018.73,1426.00 1011.27,1425.64 1011.27,1425.64
             1011.27,1425.64 1003.27,1422.91 1003.27,1422.91
             1003.27,1422.91 1005.27,1428.00 1005.27,1428.00
             1005.27,1428.00 999.64,1429.27 999.64,1429.27
             999.64,1429.27 995.64,1432.36 995.64,1432.36
             995.64,1432.36 988.91,1435.64 988.91,1435.64
             988.91,1435.64 984.00,1434.91 984.00,1434.73
             984.00,1434.55 979.27,1433.64 979.27,1433.64" />
</svg>
