<?xml version="1.0" encoding="UTF-8" standalone="no"?>
<!DOCTYPE svg PUBLIC "-//W3C//DTD SVG 20010904//EN"
              "http://www.w3.org/TR/2001/REC-SVG-20010904/DTD/svg10.dtd">

<svg xmlns="http://www.w3.org/2000/svg"
     width="1.01523in" height="1.01523in"
     viewBox="0 0 2000 2000">
  <path id="Dentina 2"
        fill="none" stroke="black" stroke-width="1"
        d="M 549.12,648.38
           C 550.36,646.40 547.55,642.37 548.62,641.50
             549.19,641.04 552.93,643.68 554.38,643.12
             557.92,641.76 563.93,642.13 567.25,640.88
             566.91,639.37 570.65,637.43 576.12,637.75
             579.07,637.92 584.43,640.81 585.62,640.12
             587.32,639.16 593.27,637.50 595.50,634.62
             599.47,629.51 599.60,622.09 599.50,619.00
             599.50,617.68 599.68,612.27 598.62,607.50
             597.69,603.24 595.50,599.50 595.50,599.50
             595.50,599.50 594.29,596.56 592.25,594.62
             589.83,592.34 586.50,591.00 586.50,591.00
             586.50,591.00 585.34,590.20 584.38,590.12
             582.45,589.98 577.00,595.50 576.00,597.00
             575.53,597.70 570.66,600.16 567.50,599.75
             566.42,599.61 566.55,596.71 564.38,594.38
             562.91,592.80 560.69,588.45 554.12,586.00
             550.22,584.55 539.90,582.16 531.38,582.50
             527.88,582.64 523.01,583.27 516.12,584.25
             511.68,584.88 499.92,587.47 488.62,587.25
             471.68,586.92 454.50,583.50 454.50,583.50
             454.50,583.50 439.84,582.47 427.00,578.75
             414.86,575.23 404.50,569.00 404.50,569.00
             404.50,569.00 393.57,561.00 383.38,553.00
             373.85,545.52 365.00,538.00 365.00,538.00
             365.00,538.00 352.00,529.00 352.00,529.00
             352.00,529.00 339.00,511.00 339.50,511.00
             340.00,511.00 331.50,494.00 331.50,494.00
             331.50,494.00 318.50,466.50 318.50,466.50
             318.50,466.50 310.50,439.50 310.50,439.50
             310.50,439.50 312.00,404.50 312.00,405.00
             312.00,405.50 319.00,381.00 319.00,381.00
             319.00,381.00 328.00,354.00 328.00,354.00
             328.00,354.00 345.00,334.50 345.00,334.50
             345.00,334.50 367.50,319.00 367.50,319.00
             367.50,319.00 390.50,307.00 390.50,307.00
             390.50,307.00 404.50,306.50 404.50,306.50
             404.50,306.50 418.00,309.50 418.00,309.50
             418.00,309.50 426.00,312.00 426.00,311.50
             426.00,311.00 432.50,305.00 432.50,305.00
             432.50,305.00 443.50,302.50 443.50,302.50
             443.50,302.50 480.00,304.50 480.00,304.50
             480.00,304.50 512.00,313.50 512.00,313.50
             512.00,313.50 563.50,344.00 563.50,344.00
             563.50,344.00 593.00,368.50 593.00,368.50
             593.00,368.50 603.13,381.54 610.55,389.09
             616.77,395.43 620.50,396.50 620.50,396.50
             619.63,397.68 644.29,437.29 644.50,437.00
             643.66,437.50 653.35,453.97 659.64,469.45
             664.30,480.95 665.53,491.49 667.45,496.73
             670.14,504.02 680.35,519.98 689.64,531.45
             701.64,546.27 712.89,555.92 712.50,554.00
             712.50,554.00 720.63,558.91 726.73,561.09
             730.62,562.48 733.50,561.50 733.50,561.50
             733.50,561.50 743.00,565.00 744.00,565.00
             745.00,565.00 766.00,579.50 766.00,579.50
             766.00,579.50 787.00,596.50 787.00,596.50
             787.00,596.50 809.00,614.50 809.00,614.50
             809.00,614.50 828.50,622.50 829.50,625.00
             830.50,627.50 852.50,633.50 852.50,633.50
             852.50,633.50 873.50,644.00 873.50,644.00
             873.50,644.00 889.00,656.00 889.00,656.00
             889.00,656.00 909.55,675.15 917.82,695.82
             922.11,706.54 923.24,736.70 918.73,758.00
             916.65,767.78 903.48,784.81 891.27,796.36
             882.25,804.90 873.00,809.79 873.00,810.00
             873.00,810.50 853.45,819.82 853.45,819.82
             853.45,819.82 827.50,822.50 827.00,822.50
             826.50,822.50 803.00,819.00 802.50,819.00
             802.00,819.00 790.50,817.50 789.50,816.50
             788.50,815.50 767.64,802.68 767.64,802.18
             767.64,801.68 752.00,788.50 752.00,788.00
             752.00,787.50 738.50,781.50 738.00,781.00
             737.50,780.50 719.27,788.77 719.27,789.27
             719.27,789.45 712.13,796.58 713.00,804.62
             713.61,810.24 722.61,823.44 725.75,838.25
             727.90,848.37 730.65,867.58 726.00,884.50
             720.23,905.46 706.50,923.50 706.50,923.50
             706.50,923.50 693.79,938.53 679.62,948.00
             668.84,955.21 655.72,957.50 655.50,957.50
             655.25,957.50 636.86,961.92 617.88,960.00
             610.46,959.25 599.82,958.72 588.88,953.50
             580.85,949.67 564.44,941.62 552.88,929.62
             546.95,923.48 537.08,910.05 531.50,896.75
             528.35,889.25 523.19,874.71 522.12,860.25
             520.74,841.43 524.00,823.00 524.00,823.00
             524.00,823.00 527.50,794.50 527.50,794.50
             527.50,794.50 531.50,767.50 531.50,767.50
             531.50,767.50 532.02,760.53 529.62,752.50
             527.87,746.61 523.00,739.00 523.00,739.00
             523.00,739.00 520.67,733.52 520.25,726.62
             519.95,721.67 518.94,697.83 519.62,693.00
             520.83,684.46 524.50,675.50 524.50,675.50
             524.50,675.50 529.50,664.00 529.50,663.50
             529.50,663.00 535.88,652.12 535.88,652.12
             535.88,652.12 536.00,662.75 536.00,662.75
             536.00,662.75 538.35,661.66 540.12,659.25
             541.53,657.34 542.28,654.15 543.38,653.12
             543.57,650.72 548.37,649.58 549.12,648.38 Z" />
</svg>
