<?xml version="1.0" encoding="UTF-8" standalone="no"?>
<!DOCTYPE svg PUBLIC "-//W3C//DTD SVG 20010904//EN"
              "http://www.w3.org/TR/2001/REC-SVG-20010904/DTD/svg10.dtd">

<svg xmlns="http://www.w3.org/2000/svg"
     width="1.01523in" height="1.01523in"
     viewBox="0 0 2000 2000">
  <path id="Dentina 1"
        fill="none" stroke="black" stroke-width="1"
        d="M 589.50,1256.00
           C 589.29,1256.11 582.29,1261.34 576.55,1263.64
             573.22,1264.97 569.89,1263.82 569.64,1264.00
             568.03,1265.12 567.91,1268.52 566.36,1270.18
             562.88,1273.93 558.50,1276.25 558.50,1276.25
             558.50,1276.25 543.75,1287.75 543.75,1287.75
             543.75,1287.75 532.25,1299.25 532.25,1299.25
             532.25,1299.25 528.25,1310.75 528.25,1310.75
             528.25,1310.75 519.00,1330.50 519.00,1330.50
             519.00,1330.50 515.00,1344.75 515.00,1344.75
             515.00,1344.75 511.00,1369.50 511.00,1369.50
             511.00,1369.50 512.00,1392.25 512.00,1392.25
             512.00,1392.25 517.00,1411.00 516.75,1411.00
             516.50,1411.00 517.75,1418.00 517.75,1418.00
             517.75,1418.00 526.00,1439.00 526.00,1439.00
             526.00,1439.00 535.25,1459.25 535.25,1459.25
             535.25,1459.25 541.55,1462.31 545.82,1466.18
             549.51,1469.53 551.25,1473.75 551.25,1473.75
             551.25,1473.75 555.66,1479.39 559.27,1483.45
             562.66,1487.26 565.25,1489.50 565.25,1489.50
             565.25,1489.50 570.59,1490.21 574.36,1492.00
             581.39,1495.33 589.00,1500.75 589.00,1500.75
             589.00,1500.75 609.00,1510.75 609.00,1510.75
             609.00,1510.75 618.79,1515.54 629.75,1519.50
             638.65,1522.71 649.14,1525.25 649.25,1525.25
             649.50,1525.25 674.25,1534.50 674.25,1534.50
             674.88,1534.67 692.05,1540.98 702.55,1546.00
             705.03,1547.19 709.82,1551.38 714.73,1553.09
             724.76,1556.60 736.25,1557.75 736.25,1557.75
             736.25,1557.75 761.75,1561.25 761.75,1561.25
             761.56,1561.26 795.49,1572.01 795.75,1572.00
             796.23,1568.73 820.92,1577.59 820.75,1578.75
             840.25,1585.00 855.00,1601.25 855.00,1601.25
             855.00,1601.25 881.50,1618.50 881.50,1618.50
             881.50,1618.50 894.50,1632.75 894.50,1632.75
             894.50,1632.75 915.25,1651.25 915.25,1651.25
             915.25,1651.25 922.25,1660.25 922.25,1660.25
             922.25,1660.25 929.11,1665.90 936.18,1671.09
             942.72,1675.89 949.50,1680.25 949.50,1680.25
             949.50,1680.25 954.96,1684.15 960.91,1688.00
             967.32,1692.14 974.25,1696.25 974.25,1696.25
             974.25,1696.25 980.62,1700.80 987.09,1704.00
             992.68,1706.77 998.50,1708.25 998.50,1708.25
             998.50,1708.25 1006.08,1710.31 1013.45,1711.45
             1021.31,1712.68 1029.00,1713.00 1029.00,1713.00
             1029.00,1713.00 1041.47,1716.20 1052.91,1713.82
             1064.84,1711.33 1075.75,1703.25 1075.75,1703.25
             1075.75,1703.25 1083.66,1698.07 1090.18,1693.09
             1095.03,1689.39 1099.00,1685.50 1099.00,1685.50
             1099.00,1685.50 1104.71,1679.42 1109.09,1672.91
             1113.94,1665.71 1117.50,1658.00 1117.50,1658.00
             1117.50,1658.00 1121.91,1650.96 1122.55,1642.36
             1123.28,1632.33 1120.25,1620.50 1120.25,1620.50
             1120.25,1620.50 1117.00,1605.50 1117.00,1605.50
             1116.16,1605.19 1113.79,1597.17 1113.45,1586.73
             1113.00,1572.60 1114.75,1555.00 1114.75,1555.00
             1114.75,1555.00 1117.32,1547.23 1121.09,1540.55
             1124.94,1533.73 1130.00,1528.00 1130.00,1528.00
             1130.00,1528.00 1148.25,1514.75 1148.25,1514.75
             1148.25,1514.75 1171.75,1497.75 1171.75,1497.75
             1171.75,1497.75 1180.00,1490.85 1186.00,1480.73
             1191.62,1471.25 1195.00,1458.50 1195.00,1458.50
             1195.00,1458.50 1199.83,1444.39 1199.09,1429.64
             1198.72,1422.16 1196.67,1407.16 1190.18,1394.73
             1181.57,1378.23 1168.00,1364.75 1168.00,1364.75
             1168.00,1364.75 1153.82,1352.61 1139.45,1343.45
             1135.54,1340.96 1130.17,1335.39 1118.36,1332.55
             1108.92,1330.27 1092.26,1327.70 1076.00,1326.55
             1073.38,1326.36 1058.30,1326.45 1044.73,1325.64
             1034.90,1325.05 1025.98,1323.48 1022.55,1323.45
             1006.35,1323.35 993.25,1325.50 993.25,1325.50
             993.25,1325.50 979.64,1325.45 960.91,1324.91
             937.83,1320.92 910.75,1311.25 910.75,1311.25
             910.75,1311.25 911.82,1309.45 914.73,1307.64
             918.97,1307.55 929.11,1308.45 933.09,1307.27
             934.71,1306.79 936.62,1304.15 934.36,1302.00
             932.50,1300.22 927.67,1296.56 920.91,1294.73
             912.92,1292.56 903.00,1292.36 903.00,1292.50
             903.00,1292.64 898.95,1293.96 897.64,1296.00
             897.25,1296.60 898.16,1299.20 897.27,1300.18
             896.86,1300.64 895.56,1302.22 892.55,1301.64
             890.04,1300.87 888.62,1298.81 885.09,1297.64
             879.39,1295.74 871.75,1294.75 871.75,1294.75
             871.75,1294.75 865.08,1296.08 852.55,1295.45
             840.08,1294.83 821.75,1292.25 821.75,1292.25
             821.75,1292.25 812.36,1291.82 795.27,1289.09
             780.73,1283.64 760.75,1274.25 760.75,1274.25
             760.75,1274.25 728.75,1261.50 728.75,1261.50
             728.75,1261.50 694.25,1255.00 694.25,1255.00
             694.25,1255.00 669.00,1251.00 669.00,1251.00
             669.00,1251.00 638.00,1250.75 638.00,1250.75
             638.00,1250.75 610.00,1251.25 610.00,1251.25
             610.00,1251.25 589.75,1256.00 589.75,1256.00" />
</svg>
