<?xml version="1.0" encoding="UTF-8" standalone="no"?>
<!DOCTYPE svg PUBLIC "-//W3C//DTD SVG 20010904//EN"
              "http://www.w3.org/TR/2001/REC-SVG-20010904/DTD/svg10.dtd">

<svg xmlns="http://www.w3.org/2000/svg"
     width="1.01523in" height="1.01523in"
     viewBox="0 0 2000 2000">
  <path id="Dentina 1 Canal 1"
        fill="none" stroke="black" stroke-width="1"
        d="M 698.33,1367.33
           C 698.33,1367.33 685.33,1371.33 685.00,1371.33
             684.67,1371.33 673.00,1371.67 673.00,1371.67
             673.00,1371.67 664.33,1374.00 664.33,1374.00
             664.33,1374.00 659.00,1380.33 659.00,1380.33
             659.00,1380.33 657.00,1386.33 657.00,1386.33
             657.00,1386.33 653.00,1394.00 653.00,1394.00
             653.00,1394.00 655.67,1402.33 655.67,1402.33
             655.67,1402.33 660.67,1410.33 661.00,1410.33
             661.33,1410.33 669.00,1413.00 669.00,1413.00
             669.00,1413.00 669.67,1420.00 670.00,1421.00
             670.33,1422.00 673.67,1424.33 674.67,1425.00
             675.67,1425.67 685.00,1430.67 685.00,1430.67
             685.00,1430.67 694.00,1433.67 694.33,1434.00
             694.67,1434.33 701.67,1437.00 701.67,1437.67
             701.67,1438.33 711.00,1440.67 712.00,1441.67
             713.00,1442.67 719.33,1444.67 721.33,1445.00
             723.33,1445.33 735.33,1444.00 738.33,1443.67
             741.33,1443.33 750.33,1440.33 751.33,1439.67
             752.33,1439.00 759.67,1432.00 760.00,1431.67
             760.33,1431.33 762.67,1428.00 763.00,1426.00
             763.33,1424.00 766.33,1418.00 766.33,1417.67
             766.33,1417.33 765.33,1409.67 765.00,1408.67
             764.67,1407.67 758.00,1401.33 756.67,1400.67
             755.33,1400.00 751.67,1394.33 751.67,1394.00
             751.67,1393.67 751.33,1387.00 751.33,1386.67
             751.33,1386.33 749.33,1382.00 747.67,1381.33
             746.00,1380.67 737.67,1376.33 737.67,1376.33
             737.67,1376.33 717.00,1371.67 717.00,1371.67
             717.00,1371.67 700.33,1367.67 700.33,1367.67" />
</svg>
