<?xml version="1.0" encoding="UTF-8" standalone="no"?>
<!DOCTYPE svg PUBLIC "-//W3C//DTD SVG 20010904//EN"
              "http://www.w3.org/TR/2001/REC-SVG-20010904/DTD/svg10.dtd">

<svg xmlns="http://www.w3.org/2000/svg"
     width="1.01523in" height="1.01523in"
     viewBox="0 0 2000 2000">
  <path id="Dentina 2 Canal 1"
        fill="none" stroke="black" stroke-width="1"
        d="M 446.50,473.00
           C 446.50,473.00 461.75,472.00 461.75,472.00
             461.75,472.00 469.50,479.50 469.50,479.50
             469.50,479.50 478.75,483.00 479.00,483.00
             479.25,483.00 490.75,485.75 490.75,485.75
             490.75,485.75 499.50,488.50 499.50,488.50
             499.50,488.50 499.75,495.25 499.75,495.25
             499.75,495.25 502.50,495.75 502.50,495.75
             502.50,495.75 507.00,493.50 507.25,493.50
             507.50,493.50 515.75,491.00 516.25,491.00
             516.75,491.00 523.75,489.75 523.75,489.75
             523.75,489.75 528.00,484.50 528.25,484.00
             528.50,483.50 531.25,476.75 531.50,476.25
             531.75,475.75 534.75,468.00 534.75,468.00
             534.75,468.00 533.00,462.50 533.00,462.50
             533.00,462.50 530.50,458.50 530.50,458.25
             530.50,458.00 531.25,454.25 531.50,454.00
             531.75,453.75 531.00,449.50 531.00,449.50
             531.00,449.50 525.75,443.75 525.75,443.75
             525.75,443.75 520.25,438.00 520.25,438.00
             520.25,438.00 510.00,434.25 510.00,434.25
             510.00,434.25 503.25,434.25 503.25,434.25
             503.25,434.25 499.75,429.25 499.75,429.25
             499.75,429.25 492.00,423.25 492.00,422.75
             492.00,422.25 484.75,415.25 484.75,415.25
             484.75,415.25 476.75,412.25 476.25,412.00
             475.75,411.75 465.00,408.00 464.50,408.25
             464.00,408.50 456.75,408.00 456.50,408.00
             456.25,408.00 448.00,409.00 448.00,409.00
             448.00,409.00 441.25,411.50 441.00,411.50
             440.75,411.50 434.75,415.50 434.75,415.75
             434.75,416.00 432.00,419.75 432.00,419.75
             432.00,419.75 428.50,428.50 428.50,428.50
             428.50,428.50 428.25,433.00 428.25,433.00
             428.25,433.00 429.50,437.25 429.50,437.25
             429.50,437.25 426.50,440.00 426.50,440.00
             426.50,440.00 424.50,443.75 424.75,444.00
             425.00,444.25 426.00,449.75 426.00,449.75
             426.00,449.75 425.25,453.50 425.25,453.50
             425.25,453.50 428.75,454.50 429.00,454.75
             429.25,455.00 433.50,457.75 433.50,458.00
             433.50,458.25 435.50,462.50 435.50,462.50
             435.50,462.50 440.50,466.75 440.50,466.75
             440.50,466.75 443.50,471.75 443.50,471.75
             443.50,471.75 444.50,474.00 444.50,474.00" />
</svg>
