<?xml version="1.0" encoding="UTF-8" standalone="no"?>
<!DOCTYPE svg PUBLIC "-//W3C//DTD SVG 20010904//EN"
              "http://www.w3.org/TR/2001/REC-SVG-20010904/DTD/svg10.dtd">

<svg xmlns="http://www.w3.org/2000/svg"
     width="1.01523in" height="1.01523in"
     viewBox="0 0 2000 2000">
  <path id="Dentina 4"
        fill="none" stroke="black" stroke-width="1"
        d="M 1329.00,1010.50
           C 1329.00,1010.50 1315.50,1025.50 1315.50,1025.50
             1315.50,1025.50 1313.50,1029.00 1312.50,1031.00
             1311.50,1033.00 1308.50,1044.50 1309.00,1046.50
             1309.50,1048.50 1310.00,1049.00 1310.50,1051.50
             1311.00,1054.00 1313.00,1060.50 1314.50,1065.00
             1316.00,1069.50 1318.00,1078.00 1318.50,1079.00
             1319.00,1080.00 1321.00,1085.00 1321.00,1086.00
             1321.00,1087.00 1323.00,1093.00 1324.00,1095.00
             1325.00,1097.00 1333.50,1102.50 1335.00,1103.50
             1336.50,1104.50 1343.00,1110.50 1343.50,1110.50
             1344.00,1110.50 1347.50,1114.00 1348.50,1117.50
             1349.50,1121.00 1350.50,1129.00 1351.50,1131.00
             1352.50,1133.00 1354.50,1134.50 1355.00,1136.50
             1355.50,1138.50 1357.50,1141.00 1355.50,1143.50
             1353.50,1146.00 1352.00,1147.00 1351.50,1151.50
             1351.00,1156.00 1348.00,1155.00 1352.00,1161.00
             1356.00,1167.00 1356.00,1170.00 1359.50,1173.00
             1363.00,1176.00 1365.00,1176.50 1366.50,1179.50
             1368.00,1182.50 1369.50,1186.50 1371.00,1189.50
             1372.50,1192.50 1374.50,1194.50 1375.00,1198.00
             1375.50,1201.50 1376.00,1200.00 1376.00,1206.50
             1376.00,1213.00 1376.00,1216.00 1376.50,1221.00
             1377.00,1226.00 1377.00,1228.00 1378.50,1231.50
             1380.00,1235.00 1381.00,1236.50 1381.50,1239.00
             1382.00,1241.50 1383.50,1241.50 1384.00,1245.50
             1384.50,1249.50 1385.50,1251.50 1386.00,1255.00
             1386.50,1258.50 1387.00,1260.00 1387.50,1266.50
             1388.00,1273.00 1389.00,1276.00 1391.50,1278.00
             1394.00,1280.00 1398.50,1281.00 1399.50,1284.00
             1400.50,1287.00 1401.50,1291.00 1404.00,1294.50
             1409.50,1300.00 1418.00,1306.50 1418.00,1306.50
             1418.00,1306.50 1426.00,1318.00 1429.00,1321.00
             1432.00,1324.00 1436.00,1328.00 1437.00,1328.50
             1438.00,1329.00 1441.00,1329.50 1445.50,1332.50
             1450.00,1335.50 1460.50,1339.00 1461.00,1339.00
             1461.50,1339.00 1463.00,1339.00 1464.50,1340.00
             1466.00,1341.00 1471.50,1344.50 1475.00,1344.50
             1478.50,1344.50 1482.00,1344.50 1484.50,1345.00
             1487.00,1345.50 1488.50,1345.50 1493.00,1346.50
             1497.50,1347.50 1502.00,1348.00 1503.00,1348.00
             1504.00,1348.00 1506.50,1348.50 1507.50,1348.00
             1508.50,1347.50 1517.00,1344.00 1518.00,1344.00
             1519.00,1344.00 1520.50,1343.50 1522.50,1342.00
             1524.50,1340.50 1526.50,1339.50 1529.50,1338.00
             1532.50,1336.50 1535.50,1334.50 1537.50,1332.50
             1539.50,1330.50 1541.50,1329.50 1543.50,1326.50
             1545.50,1323.50 1547.50,1321.50 1548.00,1321.00
             1548.50,1320.50 1549.00,1319.00 1551.50,1317.50
             1554.00,1316.00 1557.50,1313.00 1559.50,1312.00
             1561.50,1311.00 1562.50,1309.50 1564.50,1308.50
             1566.50,1307.50 1567.00,1306.00 1569.00,1305.00
             1571.00,1304.00 1573.00,1301.50 1573.50,1299.00
             1574.00,1296.50 1575.50,1294.00 1576.50,1292.50
             1577.50,1291.00 1577.50,1289.00 1579.50,1287.50
             1581.50,1286.00 1582.50,1284.00 1584.50,1281.50
             1586.50,1279.00 1586.00,1276.50 1588.00,1274.50
             1590.00,1272.50 1589.50,1272.00 1591.50,1269.50
             1593.50,1267.00 1595.00,1267.00 1596.00,1264.00
             1597.00,1261.00 1597.50,1260.00 1599.00,1254.00
             1600.50,1248.00 1601.50,1243.00 1602.00,1240.50
             1602.50,1238.00 1603.50,1237.50 1603.50,1235.00
             1603.50,1232.50 1603.50,1231.50 1603.50,1228.50
             1603.50,1225.50 1603.50,1222.00 1603.50,1217.00
             1603.50,1208.50 1600.00,1200.00 1599.00,1199.00
             1598.00,1198.00 1598.00,1194.50 1596.50,1192.00
             1595.00,1189.50 1594.00,1187.00 1592.50,1184.50
             1591.00,1182.00 1590.00,1179.50 1589.00,1177.00
             1588.00,1174.50 1586.50,1172.50 1586.00,1169.00
             1585.50,1165.50 1584.50,1161.50 1584.00,1160.00
             1583.50,1158.50 1582.50,1157.00 1581.50,1154.00
             1578.50,1147.50 1577.00,1146.00 1575.50,1143.00
             1572.50,1135.50 1572.50,1134.00 1569.50,1130.00
             1565.00,1125.00 1553.00,1121.50 1553.00,1121.50
             1553.00,1121.50 1552.50,1120.50 1551.00,1118.50
             1549.50,1116.50 1547.50,1115.50 1547.00,1114.50
             1546.50,1113.50 1545.50,1112.00 1544.50,1109.50
             1543.50,1107.00 1544.00,1104.50 1542.50,1103.00
             1539.50,1098.00 1538.50,1097.00 1537.50,1094.00
             1536.50,1091.00 1533.50,1087.00 1533.00,1084.50
             1532.50,1082.00 1531.50,1079.50 1531.50,1078.00
             1536.00,1071.50 1535.50,1069.00 1541.00,1068.00
             1545.95,1068.00 1550.95,1069.12 1554.75,1069.12
             1562.08,1069.13 1566.52,1068.18 1568.50,1069.50
             1571.50,1071.50 1573.50,1074.00 1574.50,1075.50
             1579.50,1082.50 1580.50,1085.50 1584.00,1086.00
             1587.50,1086.50 1589.50,1088.00 1594.00,1090.50
             1603.50,1096.50 1606.00,1099.00 1610.00,1101.00
             1614.00,1103.00 1616.50,1105.50 1619.00,1107.50
             1621.50,1109.50 1622.50,1111.50 1627.50,1112.50
             1632.50,1113.50 1644.00,1116.50 1646.50,1118.00
             1649.00,1119.50 1653.00,1121.50 1654.50,1123.50
             1656.00,1125.50 1657.00,1127.50 1658.50,1128.50
             1666.00,1131.50 1676.50,1133.50 1676.50,1133.50
             1676.50,1133.50 1699.50,1136.00 1699.50,1136.00
             1699.50,1136.00 1707.50,1136.50 1708.50,1136.50
             1709.50,1136.50 1713.50,1137.00 1717.50,1137.00
             1721.50,1137.00 1737.50,1136.50 1740.50,1136.00
             1743.50,1135.50 1755.62,1134.38 1757.12,1134.38
             1758.62,1134.38 1773.50,1129.50 1773.50,1129.50
             1773.50,1129.50 1780.00,1127.00 1782.00,1125.00
             1784.00,1123.00 1788.00,1121.50 1791.50,1118.50
             1795.00,1115.50 1801.50,1109.00 1803.00,1108.00
             1804.50,1107.00 1805.62,1103.75 1807.12,1101.75
             1808.62,1099.75 1815.50,1096.00 1817.50,1093.00
             1819.50,1090.00 1822.00,1087.00 1823.50,1084.50
             1825.00,1082.00 1829.00,1079.00 1831.50,1074.00
             1834.00,1069.00 1835.00,1067.00 1837.00,1063.50
             1839.00,1060.00 1840.00,1058.50 1841.00,1056.00
             1842.00,1053.50 1843.25,1044.12 1843.25,1043.12
             1843.25,1042.12 1847.50,1035.00 1847.50,1033.50
             1847.50,1032.00 1847.50,1025.00 1847.50,1024.50
             1847.50,1024.00 1845.50,1008.00 1845.00,1008.00
             1844.50,1008.00 1838.00,985.50 1838.00,985.50
             1838.00,985.50 1833.50,981.25 1831.50,977.25
             1829.50,973.25 1831.00,967.50 1829.50,966.00
             1828.00,964.50 1826.00,964.00 1824.00,960.50
             1822.00,957.00 1817.50,952.00 1815.00,950.50
             1812.50,949.00 1810.00,947.00 1808.50,946.50
             1807.00,946.00 1805.00,943.50 1801.00,941.00
             1797.00,938.50 1798.50,938.50 1793.50,933.00
             1788.50,927.50 1781.38,925.38 1778.88,925.38
             1776.38,925.38 1778.00,921.50 1774.00,920.50
             1770.00,919.50 1765.00,918.50 1763.50,917.50
             1762.00,916.50 1757.00,916.00 1755.00,915.00
             1753.00,914.00 1746.88,915.25 1745.38,915.25
             1743.88,915.25 1739.00,911.50 1738.00,911.50
             1737.00,911.50 1737.00,911.00 1731.50,911.00
             1726.00,911.00 1725.00,911.50 1721.50,911.00
             1718.00,910.50 1716.00,910.50 1713.00,910.00
             1710.00,909.50 1708.00,909.00 1706.50,909.00
             1705.00,909.00 1696.50,909.00 1694.00,909.00
             1691.50,909.00 1685.50,909.50 1683.00,909.50
             1680.50,909.50 1678.00,910.00 1677.00,909.50
             1676.00,909.00 1674.50,908.50 1672.00,908.00
             1669.50,907.50 1667.50,906.50 1664.00,905.50
             1660.50,904.50 1655.50,903.00 1653.50,902.50
             1651.50,902.00 1649.50,901.00 1648.00,901.50
             1646.50,902.00 1646.00,901.00 1643.00,902.50
             1640.00,904.00 1638.50,904.00 1636.00,905.00
             1633.50,906.00 1632.50,906.00 1630.50,906.00
             1628.50,906.00 1627.00,906.50 1621.50,905.00
             1616.00,903.50 1614.50,903.50 1610.50,902.00
             1606.50,900.50 1604.50,900.00 1600.50,899.00
             1596.50,898.00 1590.50,896.00 1586.50,896.00
             1582.50,896.00 1580.50,895.50 1577.00,895.50
             1573.50,895.50 1572.00,895.50 1569.00,895.50
             1566.00,895.50 1563.50,895.00 1560.50,894.50
             1557.50,894.00 1554.50,894.00 1551.50,893.50
             1548.50,893.00 1544.00,893.00 1539.50,893.00
             1535.00,893.00 1532.00,893.00 1530.50,893.00
             1529.00,893.00 1526.50,892.50 1523.00,894.00
             1519.50,895.50 1520.00,895.50 1517.00,897.50
             1514.00,899.50 1512.50,900.50 1510.00,902.50
             1507.50,904.50 1503.00,907.50 1501.50,908.50
             1500.00,909.50 1496.50,910.00 1495.00,911.50
             1489.50,916.00 1488.50,915.00 1487.00,919.50
             1485.50,924.00 1485.00,926.50 1483.50,928.00
             1482.00,929.50 1480.00,931.00 1477.50,936.50
             1475.00,942.00 1474.00,944.50 1473.00,946.50
             1472.00,948.50 1472.50,947.00 1469.50,952.00
             1466.50,957.00 1465.50,958.50 1464.00,960.50
             1462.50,962.50 1461.00,963.50 1459.50,962.50
             1458.00,961.50 1454.00,959.00 1449.50,959.00
             1445.00,959.00 1445.00,957.50 1442.00,959.00
             1439.00,960.50 1436.00,961.00 1434.50,964.50
             1433.00,968.00 1428.00,973.00 1427.50,973.00
             1427.00,973.00 1425.50,976.50 1423.50,980.00
             1421.50,983.50 1421.50,984.50 1419.50,987.00
             1417.50,989.50 1415.50,990.00 1414.50,990.50
             1413.50,991.00 1396.00,993.50 1395.50,993.50
             1395.00,993.50 1392.00,994.50 1390.50,994.50
             1389.00,994.50 1378.00,994.50 1378.00,994.50
             1378.00,994.50 1370.50,994.50 1370.50,994.50
             1370.50,994.50 1362.50,995.50 1362.00,995.50
             1361.50,995.50 1360.00,995.50 1356.50,996.00
             1353.00,996.50 1350.50,996.00 1349.00,996.00
             1342.50,998.00 1336.00,1002.00 1334.00,1004.00M 1333.50,1004.75" />
</svg>
