<?xml version="1.0" encoding="UTF-8" standalone="no"?>
<!DOCTYPE svg PUBLIC "-//W3C//DTD SVG 20010904//EN"
              "http://www.w3.org/TR/2001/REC-SVG-20010904/DTD/svg10.dtd">

<svg xmlns="http://www.w3.org/2000/svg"
     width="1.01523in" height="1.01523in"
     viewBox="0 0 2000 2000">
  <path id="Dentina 4 Canal 2"
        fill="none" stroke="black" stroke-width="1"
        d="M 1618.75,994.12
           C 1618.75,994.12 1624.29,992.47 1630.12,992.62
             1637.07,992.81 1644.50,994.81 1644.50,994.88
             1644.50,995.00 1647.25,998.25 1647.50,998.38
             1647.75,998.50 1649.88,999.25 1650.75,999.38
             1651.62,999.50 1657.25,999.50 1658.12,999.75
             1659.00,1000.00 1664.75,1000.00 1665.50,999.88
             1666.25,999.75 1669.75,999.12 1670.88,999.12
             1672.00,999.12 1674.62,998.62 1676.12,999.50
             1677.62,1000.38 1680.75,1000.75 1681.75,1000.88
             1682.75,1001.00 1684.00,1001.00 1684.38,1001.12
             1684.75,1001.25 1687.50,1002.12 1688.88,1003.12
             1690.25,1004.12 1691.50,1004.75 1693.00,1005.62
             1694.50,1006.50 1695.12,1007.00 1696.88,1008.12
             1698.62,1009.25 1700.88,1009.25 1701.75,1011.38
             1702.62,1013.50 1704.62,1019.62 1704.88,1020.00
             1705.12,1020.38 1705.25,1020.12 1705.50,1021.50
             1705.75,1022.88 1706.25,1023.75 1706.00,1025.38
             1705.75,1027.00 1705.50,1027.75 1704.50,1030.50
             1703.50,1033.25 1702.75,1034.00 1702.12,1034.50
             1701.50,1035.00 1700.88,1035.38 1699.25,1036.25
             1697.62,1037.12 1697.62,1036.88 1694.88,1037.75
             1692.12,1038.62 1690.88,1039.75 1689.12,1039.88
             1687.38,1040.00 1685.62,1040.25 1684.12,1040.12
             1682.62,1040.00 1680.75,1039.88 1678.88,1039.62
             1677.00,1039.38 1675.38,1039.00 1672.12,1038.75
             1668.88,1038.50 1666.00,1038.38 1664.12,1038.50
             1662.25,1038.62 1662.62,1038.75 1659.88,1038.62
             1657.12,1038.50 1655.75,1038.38 1653.62,1037.88
             1651.50,1037.38 1650.12,1036.88 1648.88,1036.62
             1647.62,1036.38 1646.62,1035.88 1645.38,1035.75
             1644.12,1035.62 1643.25,1035.50 1641.75,1035.62
             1640.25,1035.75 1639.00,1036.00 1638.00,1035.88
             1637.00,1035.75 1636.25,1035.50 1635.75,1034.75
             1635.25,1034.00 1635.50,1032.25 1633.75,1031.88
             1632.00,1031.50 1632.62,1032.12 1629.88,1032.88
             1627.12,1033.62 1626.62,1032.00 1624.75,1032.38
             1622.88,1032.75 1622.00,1032.88 1621.00,1033.25
             1620.00,1033.62 1619.38,1034.12 1618.75,1034.12
             1618.12,1034.12 1618.25,1034.12 1617.25,1034.12
             1616.25,1034.12 1615.50,1033.50 1613.25,1032.75
             1611.00,1032.00 1610.62,1031.62 1609.50,1031.75
             1608.38,1031.88 1608.00,1032.00 1608.00,1031.12
             1608.00,1030.25 1608.62,1029.50 1607.75,1027.88
             1606.88,1026.25 1606.62,1026.38 1605.88,1025.25
             1605.12,1024.12 1602.62,1018.75 1602.62,1018.75
             1602.62,1018.75 1602.12,1019.38 1603.12,1017.50
             1604.12,1015.62 1603.75,1015.00 1605.00,1014.75
             1606.25,1014.50 1606.00,1014.88 1607.88,1014.38
             1609.75,1013.88 1611.38,1013.25 1611.88,1012.75
             1612.38,1012.25 1613.62,1011.25 1612.25,1011.12
             1610.88,1011.00 1608.25,1011.00 1607.62,1010.88
             1607.00,1010.75 1605.88,1010.38 1605.62,1010.00
             1605.38,1009.62 1604.62,1009.50 1605.25,1008.38
             1605.88,1007.25 1606.00,1006.50 1606.88,1005.62
             1607.75,1004.75 1608.50,1003.12 1609.62,1003.00M 1611.00,1003.00
           C 1610.93,1003.00 1614.14,1003.25 1616.12,1002.38
             1617.61,1001.72 1618.00,999.88 1618.00,999.88
             1618.00,999.88 1618.38,998.75 1617.88,998.38
             1617.38,998.00 1616.88,996.00 1616.75,995.88
             1616.62,995.75 1618.00,994.25 1618.00,994.25M 1642.25,1026.00" />
</svg>
