<?xml version="1.0" encoding="UTF-8" standalone="no"?>
<!DOCTYPE svg PUBLIC "-//W3C//DTD SVG 20010904//EN"
              "http://www.w3.org/TR/2001/REC-SVG-20010904/DTD/svg10.dtd">

<svg xmlns="http://www.w3.org/2000/svg"
     width="1.01523in" height="1.01523in"
     viewBox="0 0 2000 2000">
  <path id="Dentina 2 Canal 3"
        fill="none" stroke="black" stroke-width="1"
        d="M 759.50,692.25
           C 759.50,692.25 754.25,692.50 754.25,692.50
             754.25,692.50 744.75,698.00 744.75,698.00
             744.75,698.00 743.00,704.25 743.00,704.50
             743.00,704.75 743.25,710.75 743.25,710.75
             743.25,710.75 744.00,718.25 744.50,719.25
             745.00,720.25 752.00,727.00 752.00,727.00
             752.00,727.00 760.25,731.75 760.50,732.50
             760.75,733.25 764.25,735.75 765.00,735.75
             765.75,735.75 771.50,735.25 773.00,735.00
             774.50,734.75 780.25,729.00 781.00,728.50
             781.75,728.00 784.50,724.00 784.50,723.50
             784.50,723.00 784.25,718.00 784.25,718.00
             784.25,718.00 784.25,714.25 784.25,714.00
             784.25,713.75 785.25,711.25 785.25,711.25
             785.25,711.25 784.00,706.00 783.50,705.50
             783.00,705.00 780.00,702.75 779.75,702.50
             779.50,702.25 779.00,699.50 779.00,699.00
             779.00,698.50 775.50,694.25 775.25,694.00
             775.00,693.75 768.75,691.75 768.75,691.75
             768.75,691.75 762.25,692.00 761.50,692.00" />
</svg>
