<?xml version="1.0" encoding="UTF-8" standalone="no"?>
<!DOCTYPE svg PUBLIC "-//W3C//DTD SVG 20010904//EN"
              "http://www.w3.org/TR/2001/REC-SVG-20010904/DTD/svg10.dtd">

<svg xmlns="http://www.w3.org/2000/svg"
     width="1.01523in" height="1.01523in"
     viewBox="0 0 2000 2000">
  <path id="Dentina 3 Canal 1"
        fill="none" stroke="black" stroke-width="1"
        d="M 1317.75,654.75
           C 1317.50,654.75 1308.50,656.00 1308.25,656.00
             1308.00,656.00 1298.75,656.00 1298.75,656.00
             1298.75,656.00 1293.00,657.75 1292.25,658.25
             1291.50,658.75 1288.25,663.50 1288.00,663.75
             1287.75,664.00 1285.25,667.75 1285.25,667.75
             1285.25,667.75 1282.50,671.00 1281.00,671.00
             1279.50,671.00 1276.00,670.25 1275.00,671.50
             1274.00,672.75 1270.75,676.25 1270.25,676.75
             1269.75,677.25 1268.00,679.00 1267.50,679.75
             1267.00,680.50 1266.25,683.50 1266.25,685.25
             1266.25,687.00 1267.00,688.75 1266.75,690.25
             1266.50,691.75 1265.25,693.75 1263.75,694.00
             1262.25,694.25 1259.00,698.25 1258.75,698.25
             1258.50,698.25 1259.25,699.75 1259.75,701.25
             1260.25,702.75 1261.75,706.25 1261.50,707.00
             1261.25,707.75 1260.00,708.50 1259.00,709.25
             1258.00,710.00 1257.00,711.25 1255.75,711.75
             1254.50,712.25 1252.00,713.00 1251.75,714.00
             1251.50,715.00 1252.00,718.50 1252.00,720.00
             1252.00,721.50 1252.75,721.00 1252.25,723.75
             1251.75,726.50 1251.25,727.50 1251.25,728.00
             1252.50,731.50 1254.75,732.25 1255.00,733.50
             1255.25,734.75 1256.25,735.75 1256.25,737.50
             1256.25,739.25 1255.75,740.25 1255.75,742.25
             1255.75,744.25 1255.75,744.25 1256.25,746.50
             1256.75,748.75 1257.75,751.75 1257.75,753.50
             1257.75,755.25 1256.00,756.00 1255.75,758.00
             1255.50,760.00 1256.75,761.00 1257.25,761.50
             1257.75,762.00 1257.75,761.50 1259.50,762.75
             1261.25,764.00 1263.00,764.50 1263.00,765.50
             1263.00,766.50 1262.75,767.75 1262.75,769.25
             1262.75,770.75 1264.00,772.25 1265.00,773.00
             1266.00,773.75 1266.00,774.25 1269.25,774.00
             1272.50,773.75 1274.00,773.00 1275.25,773.25
             1276.50,773.50 1277.00,775.00 1277.25,776.75
             1277.50,778.50 1276.50,778.25 1280.00,780.00
             1283.50,781.75 1285.75,781.50 1285.25,783.25
             1284.75,785.00 1283.25,785.50 1284.50,787.50
             1285.75,789.50 1285.00,790.75 1287.75,791.00
             1290.50,791.25 1292.50,790.75 1293.50,790.50
             1294.50,790.25 1295.00,789.75 1296.50,788.75
             1298.00,787.75 1298.75,786.75 1300.50,786.75
             1302.25,786.75 1304.50,785.75 1306.50,786.25
             1308.50,786.75 1308.75,787.00 1310.50,788.00
             1312.25,789.00 1310.75,790.25 1314.75,790.75
             1318.75,791.25 1319.50,791.25 1320.75,791.25
             1322.00,791.25 1323.00,790.75 1324.75,790.75
             1326.50,790.75 1328.50,790.50 1329.50,790.00
             1330.50,789.50 1332.25,789.00 1334.25,788.25
             1336.25,787.50 1337.25,787.25 1338.75,786.25
             1340.25,785.25 1341.25,783.75 1342.25,782.50
             1343.25,781.25 1344.25,777.50 1345.25,777.75
             1346.25,778.00 1350.00,775.00 1350.50,774.25
             1351.00,773.50 1351.50,772.00 1351.50,771.00
             1351.50,770.00 1352.50,767.75 1350.00,767.00
             1346.75,764.50 1347.50,763.00 1348.25,762.25
             1349.00,761.50 1350.75,760.75 1351.00,759.25
             1351.25,757.75 1351.25,755.75 1351.25,754.50
             1351.25,753.25 1351.50,753.50 1351.00,751.75
             1350.50,750.00 1350.25,748.25 1350.00,747.25
             1349.75,746.25 1351.25,744.75 1351.50,742.75
             1351.75,740.75 1351.00,739.75 1351.50,738.00
             1352.00,736.25 1352.00,735.50 1353.00,735.00
             1354.00,734.50 1354.50,732.50 1354.75,730.75
             1355.00,729.00 1354.50,725.75 1354.75,725.25
             1353.50,722.75 1352.75,721.75 1352.75,721.00
             1352.75,720.25 1352.75,717.75 1353.50,717.25
             1354.25,716.75 1354.50,717.50 1355.75,715.75
             1357.00,714.00 1357.75,712.25 1358.25,711.25
             1358.50,708.00 1358.00,707.50 1357.75,706.50
             1357.50,705.50 1357.50,704.75 1357.25,702.50
             1357.00,700.25 1357.00,698.75 1357.00,696.25
             1357.00,693.75 1357.50,691.50 1357.50,689.75
             1357.50,688.00 1357.25,688.25 1356.00,688.00
             1354.75,687.75 1353.00,687.50 1352.75,686.50
             1352.50,685.50 1353.00,682.75 1353.00,682.00
             1353.00,681.25 1353.75,679.00 1353.75,678.75
             1353.75,678.50 1353.50,676.75 1352.75,676.25
             1348.00,674.75 1347.00,673.75 1347.25,672.25
             1347.50,670.75 1348.00,668.75 1347.50,667.75
             1347.00,666.75 1345.50,665.75 1345.00,665.75
             1344.50,665.75 1343.00,665.00 1343.00,665.75
             1341.75,669.50 1343.75,672.75 1343.75,673.25
             1343.75,673.75 1344.00,675.75 1344.25,676.25
             1344.50,676.75 1343.25,681.00 1343.25,680.75
             1343.25,680.50 1342.75,680.00 1341.75,677.00
             1340.75,674.00 1340.00,673.75 1338.75,671.25
             1337.50,668.75 1337.00,668.00 1336.50,666.00
             1336.00,664.00 1335.75,662.75 1335.00,662.00
             1334.25,661.25 1333.25,661.00 1332.25,660.50
             1331.25,660.00 1329.75,659.00 1328.50,658.75
             1327.25,658.50 1325.00,655.50 1326.00,657.00
             1327.00,658.50 1328.00,658.00 1328.50,661.75
             1329.00,665.50 1329.75,667.00 1328.75,667.00
             1325.00,665.00 1324.25,664.00 1323.50,662.00
             1322.75,660.00 1321.75,658.50 1320.75,657.25" />
</svg>
