<?xml version="1.0" encoding="UTF-8" standalone="no"?>
<!DOCTYPE svg PUBLIC "-//W3C//DTD SVG 20010904//EN"
              "http://www.w3.org/TR/2001/REC-SVG-20010904/DTD/svg10.dtd">

<svg xmlns="http://www.w3.org/2000/svg"
     width="1.01523in" height="1.01523in"
     viewBox="0 0 2000 2000">
  <path id="Dentina 4 Canal 1"
        fill="none" stroke="black" stroke-width="1"
        d="M 1485.50,1093.00
           C 1485.50,1093.00 1483.45,1095.45 1483.27,1095.45
             1483.09,1095.45 1475.27,1097.27 1475.27,1097.27
             1475.27,1097.27 1472.91,1098.00 1472.91,1098.91
             1472.91,1099.82 1474.73,1104.73 1474.36,1105.45
             1474.00,1106.18 1471.45,1107.82 1470.91,1108.00
             1470.36,1108.18 1467.09,1108.55 1466.73,1108.55
             1466.36,1108.55 1465.27,1110.36 1464.18,1111.64
             1463.09,1112.91 1460.55,1114.73 1460.18,1114.91
             1459.82,1115.09 1461.82,1117.45 1461.64,1118.73
             1461.45,1120.00 1460.91,1124.73 1460.36,1125.64
             1459.09,1127.27 1459.45,1129.27 1460.00,1130.55
             1460.55,1131.82 1461.64,1132.55 1461.64,1133.45
             1461.64,1134.36 1461.45,1135.27 1460.73,1136.00
             1460.00,1136.73 1458.55,1136.18 1459.09,1137.45
             1459.64,1138.73 1461.82,1145.45 1461.82,1146.18
             1461.82,1146.91 1462.36,1147.09 1462.55,1147.82
             1462.73,1148.55 1462.55,1148.55 1463.64,1150.55
             1464.73,1152.55 1466.00,1153.45 1466.55,1154.91
             1467.09,1156.36 1467.82,1156.55 1467.82,1158.18
             1467.82,1159.82 1468.00,1160.73 1466.55,1163.27
             1465.09,1165.82 1464.00,1166.91 1463.45,1167.27
             1462.91,1167.64 1462.36,1166.55 1461.82,1167.64
             1461.27,1168.73 1461.09,1168.55 1459.82,1170.36
             1458.55,1172.18 1456.91,1175.27 1457.27,1175.82
             1457.64,1176.36 1457.27,1179.27 1458.00,1179.27
             1458.73,1179.27 1458.36,1179.27 1459.82,1179.45
             1460.34,1179.52 1463.66,1180.03 1464.55,1182.91
             1466.14,1188.12 1465.49,1197.17 1466.55,1197.64
             1467.23,1197.94 1468.35,1201.18 1471.82,1202.55
             1475.01,1203.80 1482.31,1206.31 1487.45,1206.73
             1488.71,1206.83 1491.80,1206.92 1494.36,1206.91
             1497.29,1206.90 1499.72,1206.72 1500.91,1205.27
             1502.73,1203.07 1505.94,1199.05 1507.09,1195.64
             1508.66,1190.98 1507.85,1187.04 1508.00,1186.55
             1508.55,1184.73 1509.45,1182.91 1509.82,1181.27
             1510.18,1179.64 1511.09,1179.09 1510.36,1177.64
             1509.64,1176.18 1508.91,1175.09 1507.82,1172.55
             1506.73,1170.00 1506.18,1168.18 1505.64,1166.55
             1505.09,1164.91 1504.36,1163.64 1504.18,1162.55
             1504.00,1161.45 1503.64,1158.18 1503.45,1157.09
             1503.27,1156.00 1502.73,1154.36 1500.91,1153.45
             1499.09,1152.55 1498.18,1151.64 1497.45,1151.27
             1496.73,1150.91 1498.91,1149.45 1499.45,1148.55
             1500.00,1147.64 1500.00,1147.27 1501.09,1146.00
             1502.18,1144.73 1502.73,1144.55 1503.27,1143.45
             1503.82,1142.36 1503.27,1143.09 1504.36,1140.91
             1505.45,1138.73 1505.45,1138.73 1506.55,1137.27
             1507.64,1135.82 1508.36,1135.27 1508.91,1134.36
             1509.45,1133.45 1510.00,1132.73 1510.91,1131.64
             1511.82,1130.55 1512.18,1130.00 1513.09,1128.36
             1514.00,1126.73 1513.82,1126.00 1515.09,1124.91
             1516.36,1123.82 1516.73,1123.82 1517.45,1122.91
             1518.18,1122.00 1518.18,1120.18 1518.36,1118.36
             1518.55,1116.55 1519.09,1114.91 1520.18,1113.82
             1521.27,1112.73 1521.64,1112.73 1522.18,1111.64
             1522.73,1110.55 1522.00,1110.00 1523.45,1108.73
             1524.91,1107.45 1526.36,1106.91 1526.18,1105.09
             1526.00,1103.27 1525.45,1101.45 1525.09,1101.09
             1524.73,1100.73 1524.91,1099.82 1523.09,1100.18
             1521.27,1100.55 1521.09,1100.73 1519.82,1100.55
             1516.73,1098.55 1516.73,1098.00 1515.82,1096.36
             1514.91,1094.73 1514.18,1093.64 1512.73,1092.00
             1511.27,1090.36 1511.64,1089.09 1509.64,1088.36
             1507.64,1087.64 1507.09,1087.27 1504.55,1086.73
             1502.00,1086.18 1501.27,1085.82 1499.45,1086.00
             1497.64,1086.18 1496.91,1086.36 1494.73,1086.36
             1492.55,1086.36 1491.64,1085.82 1490.00,1086.73
             1488.36,1087.64 1488.00,1087.09 1487.64,1088.55" />
</svg>
