<?xml version="1.0" encoding="UTF-8" standalone="no"?>
<!DOCTYPE svg PUBLIC "-//W3C//DTD SVG 20010904//EN"
              "http://www.w3.org/TR/2001/REC-SVG-20010904/DTD/svg10.dtd">

<svg xmlns="http://www.w3.org/2000/svg"
     width="1.01523in" height="1.01523in"
     viewBox="0 0 2000 2000">
  <path id="Dentina 3"
        fill="none" stroke="black" stroke-width="1"
        d="M 1170.00,609.50
           C 1170.00,609.50 1181.00,589.50 1181.00,589.50
             1181.00,589.50 1192.50,581.00 1193.00,581.00
             1193.50,581.00 1198.00,572.00 1198.50,572.00
             1199.00,572.00 1201.00,566.50 1201.00,566.50
             1201.00,566.50 1210.50,560.00 1211.00,559.50
             1211.50,559.00 1218.00,556.00 1218.50,556.00
             1219.00,556.00 1220.50,555.00 1222.00,553.00
             1223.50,551.00 1226.50,546.50 1227.00,545.50
             1227.50,544.50 1243.50,536.00 1243.50,535.50
             1243.50,535.00 1251.00,531.00 1251.00,531.00
             1251.00,531.00 1265.00,526.00 1265.00,526.00
             1265.00,526.00 1279.00,523.00 1279.00,523.00
             1279.00,523.00 1285.00,519.00 1286.50,519.00
             1288.00,519.00 1299.00,514.50 1300.50,514.00
             1302.00,513.50 1308.50,512.50 1310.50,512.00
             1312.50,511.50 1314.50,512.00 1318.00,512.00
             1321.50,512.00 1329.50,512.00 1332.00,512.00
             1334.50,512.00 1340.50,513.00 1343.50,513.00
             1346.50,513.00 1357.50,514.50 1362.50,516.00
             1367.50,517.50 1375.00,518.50 1378.00,519.50
             1381.00,520.50 1391.00,521.00 1392.00,521.50
             1393.00,522.00 1401.00,525.50 1403.00,526.50
             1405.00,527.50 1409.00,530.50 1411.50,532.00
             1414.00,533.50 1417.00,534.50 1419.00,536.00
             1421.00,537.50 1420.50,538.00 1423.50,539.50
             1426.50,541.00 1427.50,541.50 1429.50,544.50
             1431.50,547.50 1433.00,547.50 1435.00,550.50
             1437.00,553.50 1439.50,555.50 1441.50,557.50
             1446.00,563.50 1453.00,573.00 1454.00,574.50
             1458.00,581.50 1462.50,591.00 1462.50,591.50
             1462.50,592.00 1468.00,600.00 1469.00,600.50
             1470.00,601.00 1471.50,604.50 1472.00,606.50
             1472.50,608.50 1473.00,610.00 1473.50,612.50
             1474.00,615.00 1477.00,618.50 1478.00,620.00
             1479.00,621.50 1479.00,623.50 1480.50,626.50
             1482.00,629.50 1482.50,629.00 1484.00,635.00
             1485.50,641.00 1487.00,646.00 1488.00,648.00
             1489.00,650.00 1489.50,651.00 1489.50,653.00
             1489.50,655.00 1490.50,659.50 1491.00,662.50
             1491.50,665.50 1491.00,666.00 1491.50,668.50
             1492.00,671.00 1495.00,673.00 1495.00,674.50
             1492.00,685.00 1490.00,695.00 1490.50,697.00
             1491.00,699.00 1491.00,700.00 1491.50,702.00
             1492.00,704.00 1492.50,706.00 1493.00,707.50
             1493.50,709.00 1494.00,711.50 1493.50,713.50
             1493.00,715.50 1491.00,719.00 1490.50,720.50
             1490.00,722.00 1489.00,723.00 1488.50,725.50
             1488.00,728.00 1487.00,730.50 1488.00,731.50
             1489.00,732.50 1491.00,734.50 1489.50,738.00
             1488.00,741.50 1487.50,744.00 1487.00,744.50
             1486.50,745.00 1486.50,752.50 1486.00,753.00
             1485.50,753.50 1485.50,753.50 1485.00,757.50
             1484.50,761.50 1482.00,767.00 1482.00,767.00
             1482.00,767.00 1485.00,778.50 1485.00,778.50
             1485.00,778.50 1479.00,789.00 1479.00,789.00
             1479.00,789.00 1476.00,799.50 1475.50,800.00
             1475.00,800.50 1474.50,802.50 1473.50,803.50
             1472.50,804.50 1472.00,806.00 1471.00,808.50
             1470.00,811.00 1466.50,816.50 1465.50,820.50
             1464.50,824.50 1465.50,829.00 1464.00,830.00
             1460.00,833.00 1459.00,833.50 1457.50,835.50
             1456.00,837.50 1450.00,842.50 1449.50,843.00
             1449.00,843.50 1444.50,845.00 1442.50,847.50
             1440.50,850.00 1438.00,848.50 1437.50,851.50
             1437.00,854.50 1437.50,856.00 1435.00,860.00
             1432.50,864.00 1429.50,868.50 1428.50,870.00
             1424.50,874.50 1422.50,878.00 1421.50,882.00
             1420.50,886.00 1421.00,887.00 1420.00,891.00
             1419.00,895.00 1418.50,899.00 1418.50,901.00
             1418.50,903.00 1420.00,903.50 1419.50,906.50
             1419.00,909.50 1418.50,910.00 1417.00,914.50
             1415.50,919.00 1416.50,920.50 1414.50,923.00
             1412.50,925.50 1409.50,929.00 1408.50,929.00
             1407.50,929.00 1406.50,928.50 1402.50,929.50
             1398.50,930.50 1389.50,932.50 1388.00,932.50
             1386.50,932.50 1383.50,931.50 1380.50,932.00
             1377.50,932.50 1376.50,932.00 1370.00,931.50
             1363.50,931.00 1358.00,930.50 1355.50,930.50
             1353.00,930.50 1354.00,929.50 1349.00,930.50
             1340.00,930.50 1331.50,925.00 1331.00,925.00
             1330.50,925.00 1326.00,930.00 1325.00,931.00
             1318.00,935.00 1313.50,938.00 1311.00,939.00
             1308.50,940.00 1308.00,940.50 1304.00,942.00
             1300.00,943.50 1297.00,944.00 1292.00,946.00
             1287.00,948.00 1279.50,946.00 1277.00,946.50
             1274.50,947.00 1272.50,946.50 1269.00,946.50
             1265.50,946.50 1261.50,945.50 1258.50,945.50
             1255.50,945.50 1251.50,944.50 1248.00,943.50
             1244.50,942.50 1244.00,942.50 1240.00,941.00
             1236.00,939.50 1236.00,939.50 1233.00,938.00
             1230.00,936.50 1226.00,934.50 1223.00,932.50
             1220.00,930.50 1214.00,927.50 1212.50,925.50
             1211.00,923.50 1209.50,918.50 1206.00,915.50
             1202.50,912.50 1197.50,908.50 1195.50,905.00
             1193.50,901.50 1193.00,900.50 1191.00,897.50
             1189.00,894.50 1186.00,892.00 1184.50,889.00
             1183.00,886.00 1181.00,879.50 1180.00,877.00
             1179.00,874.50 1179.00,872.00 1178.50,870.50
             1178.00,869.00 1177.50,866.00 1175.50,863.50
             1173.50,861.00 1172.00,858.50 1170.50,856.50
             1169.00,854.50 1168.50,852.00 1166.00,847.00
             1163.50,842.00 1162.00,840.50 1160.50,834.50
             1159.00,828.50 1157.50,823.50 1157.00,822.50
             1156.50,821.50 1156.00,819.50 1155.00,815.50
             1154.00,811.50 1152.00,803.00 1151.50,800.50
             1151.00,798.00 1147.00,789.00 1147.00,788.50
             1147.00,788.00 1144.00,767.00 1143.50,767.00
             1143.00,767.00 1138.50,759.00 1138.50,759.00
             1138.50,759.00 1135.00,750.00 1135.00,750.00
             1135.00,750.00 1131.50,741.00 1131.50,739.00
             1131.50,737.00 1130.00,723.50 1130.00,723.50
             1130.00,723.50 1128.00,715.50 1128.00,715.00
             1128.00,714.50 1131.00,703.50 1131.50,703.00
             1132.00,702.50 1131.50,698.00 1133.00,694.50
             1134.50,691.00 1138.50,682.50 1139.00,680.50
             1139.50,678.50 1140.50,675.00 1141.50,672.00
             1142.50,669.00 1143.50,664.00 1145.00,661.00
             1146.50,658.00 1147.00,654.50 1147.50,652.50
             1148.00,650.50 1149.50,644.50 1149.50,644.50
             1149.50,644.50 1151.50,637.50 1152.00,635.50
             1152.50,633.50 1155.50,627.50 1157.50,626.00
             1159.50,624.50 1161.50,623.00 1162.00,622.50
             1162.50,622.00 1166.00,615.00 1166.00,615.00
             1166.00,615.00 1167.00,610.50 1167.00,610.50" />
</svg>
