<?xml version="1.0" encoding="UTF-8" standalone="no"?>
<!DOCTYPE svg PUBLIC "-//W3C//DTD SVG 20010904//EN"
              "http://www.w3.org/TR/2001/REC-SVG-20010904/DTD/svg10.dtd">

<svg xmlns="http://www.w3.org/2000/svg"
     width="1.01523in" height="1.01523in"
     viewBox="0 0 2000 2000">
  <path id="Pino 1 #1"
        fill="none" stroke="black" stroke-width="1"
        d="M 249.00,953.42
           C 249.00,953.42 239.00,954.29 239.00,954.29
             225.36,955.97 208.85,958.40 196.00,963.25
             180.41,969.14 165.42,979.14 153.25,989.75
             133.67,1006.82 119.62,1027.66 108.86,1052.00
             93.23,1087.37 94.00,1128.68 105.00,1164.00
             113.15,1190.19 126.19,1211.74 146.20,1232.16
             165.98,1249.86 191.86,1264.30 209.30,1274.52
             223.21,1279.15 242.98,1281.28 257.64,1281.45
             290.93,1274.92 318.36,1272.36 336.55,1260.36
             350.25,1252.66 362.79,1241.45 373.09,1232.91
             383.68,1224.13 391.92,1217.98 398.36,1207.82
             405.47,1196.61 409.42,1184.40 412.91,1171.09
             415.79,1160.09 418.51,1148.35 421.00,1135.75
             421.00,1135.75 421.00,1112.25 421.00,1112.25
             416.04,1039.13 368.93,983.58 298.75,960.25
             285.71,956.99 262.24,951.81 249.00,953.42 Z" />
</svg>
