<?xml version="1.0" encoding="UTF-8" standalone="no"?>
<!DOCTYPE svg PUBLIC "-//W3C//DTD SVG 20010904//EN"
              "http://www.w3.org/TR/2001/REC-SVG-20010904/DTD/svg10.dtd">

<svg xmlns="http://www.w3.org/2000/svg"
     width="1.01523in" height="1.01523in"
     viewBox="0 0 2000 2000">
  <path id="Pino 3"
        fill="none" stroke="black" stroke-width="1"
        d="M 1332.67,256.00
           C 1332.02,239.56 1331.87,189.60 1310.00,152.67
             1287.84,115.24 1243.91,90.93 1237.33,89.33
             1228.27,87.13 1202.11,75.84 1168.67,76.00
             1141.93,76.13 1106.72,87.21 1100.00,89.33
             1077.61,96.42 1051.80,114.35 1044.00,120.67
             1023.78,137.04 1009.64,169.79 1004.00,186.00
             989.26,228.32 1002.52,287.00 1009.17,308.33
             1017.32,334.52 1030.35,356.07 1050.37,376.49
             1070.15,394.19 1090.57,403.11 1108.00,413.33
             1121.92,417.96 1145.34,422.50 1160.00,422.67
             1193.29,416.13 1222.53,416.70 1240.71,404.70
             1254.41,396.99 1266.96,385.79 1277.26,377.24
             1287.84,368.46 1296.08,362.31 1302.53,352.15
             1309.64,340.95 1313.59,328.74 1317.08,315.42
             1319.95,304.43 1322.67,292.69 1325.17,280.08
             1325.17,280.08 1333.24,270.75 1332.67,256.00 Z" />
</svg>
